00 00 00 82
00 00 01 02
00 00 01 82
01 00 02 02
00 c8 02 82
00 0a 03 02
00 00 73 82
00 02 10 82
00 02 73 82
00 00 33 96
00 08 31 82
ff f6 60 93
00 02 21 02
00 00 00 82
ff f0 61 13
00 00 00 82
00 00 01 02
00 00 03 82
00 00 44 01
00 02 10 82
00 04 73 82
00 00 83 96
00 08 84 02
ff f6 60 93
00 02 21 02
00 00 00 82
ff f0 61 13
00 00 00 82
00 00 01 02
00 00 03 82
00 00 04 82
00 00 93 8b
00 00 45 0b
02 4a 75 01
00 08 94 82
00 02 10 82
00 00 45 16
00 08 42 02
ff f0 60 93
00 02 21 02
00 00 00 82
ff ea 61 13
00 00 00 00
00 00 00 00
00 00 00 00
00 00 00 00
00 00 00 00
00 00 00 00
00 00 00 00
00 00 00 00
00 00 00 00
00 00 00 00
00 00 00 00
00 00 00 00
00 00 00 00
00 00 00 00
00 00 00 00
00 00 00 00
00 00 00 00
00 00 00 00
00 00 00 00
00 00 00 00
00 00 00 00
